,Unnamed: 0,#,Type 1,Type 2,Total,HP,Attack,Defense,Sp. Atk,Sp. Def,Speed,Generation,Legendary
Unnamed: 0,1.0,0.9998876285389905,0.20607360412973005,0.035335536521433786,0.12032764688301506,0.0977123279793967,0.10266440267663766,0.0946906724168048,0.0891993186423977,0.0855955930256973,0.012180693402176939,0.9834279016098693,0.15433554481371412
#,0.9998876285389905,1.0,0.20841178422261913,0.035854527314013396,0.11981277742880796,0.09761387360534443,0.10229779463934227,0.09478581804712831,0.08875893173396453,0.08581650371941138,0.010733491160930638,0.9825156724417267,0.15339631538672502
Type 1,0.20607360412973005,0.20841178422261913,1.0,0.03978106209072797,0.14196695851655722,-0.06515505236531331,0.07319583938622475,0.1926656527998927,0.15032286104404805,0.17014994317769322,0.022600100773565876,0.1573656376585389,0.16708876549293644
Type 2,0.035335536521433786,0.035854527314013396,0.03978106209072797,1.0,0.09429354753535706,0.05805672486757787,0.06102515212706061,0.13132291272469032,0.08994154992197126,0.12921860894114384,-0.1024799055747981,0.026147247087935442,0.02480677630055271
Total,0.12032764688301506,0.11981277742880796,0.14196695851655722,0.09429354753535706,1.0,0.6187483543135486,0.7362106519949285,0.6127874293532541,0.7472498608443285,0.7176094700519231,0.5759426553220434,0.048384024034895966,0.5017583833882724
HP,0.0977123279793967,0.09761387360534443,-0.06515505236531331,0.05805672486757787,0.6187483543135486,1.0,0.4223860287762238,0.2396223188467262,0.36237985740715783,0.378718068612564,0.17595206187898574,0.058682508040739954,0.27361955771295066
Attack,0.10266440267663766,0.10229779463934227,0.07319583938622475,0.06102515212706061,0.7362106519949285,0.4223860287762238,1.0,0.4386870551184902,0.39636175534923296,0.263989551101088,0.3812397392410901,0.05145133670846967,0.3454079755555302
Defense,0.0946906724168048,0.09478581804712831,0.1926656527998927,0.13132291272469032,0.6127874293532541,0.2396223188467262,0.4386870551184902,1.0,0.2235486094724222,0.5107465890885579,0.01522659808859747,0.04241856657677686,0.24637680045403393
Sp. Atk,0.0891993186423977,0.08875893173396453,0.15032286104404805,0.08994154992197126,0.7472498608443285,0.36237985740715783,0.39636175534923296,0.2235486094724222,1.0,0.5061214206155483,0.4730178836686994,0.03643682864867449,0.44890725643865526
Sp. Def,0.0855955930256973,0.08581650371941138,0.17014994317769322,0.12921860894114384,0.7176094700519231,0.378718068612564,0.263989551101088,0.5107465890885579,0.5061214206155483,1.0,0.2591331139168082,0.028485991779451006,0.3639371167456877
Speed,0.012180693402176939,0.010733491160930638,0.022600100773565876,-0.1024799055747981,0.5759426553220434,0.17595206187898574,0.3812397392410901,0.01522659808859747,0.4730178836686994,0.2591331139168082,1.0,-0.023121060425896966,0.3267152948309066
Generation,0.9834279016098693,0.9825156724417267,0.1573656376585389,0.026147247087935442,0.048384024034895966,0.058682508040739954,0.05145133670846967,0.04241856657677686,0.03643682864867449,0.028485991779451006,-0.023121060425896966,1.0,0.07979359239925084
Legendary,0.15433554481371412,0.15339631538672502,0.16708876549293644,0.02480677630055271,0.5017583833882724,0.27361955771295066,0.3454079755555302,0.24637680045403393,0.44890725643865526,0.3639371167456877,0.3267152948309066,0.07979359239925084,1.0
